0 1 14.25 14.25
1 0 14.25 14.25
0 2 13.72 13.72
2 0 13.72 13.72
0 3 14.08 14.08
3 0 14.08 14.08
0 4 12.74 12.74
4 0 12.74 12.74
0 5 13.71 13.71
5 0 13.71 13.71
0 6 1.68 1.68
6 0 1.68 1.68
0 7 14.13 14.13
7 0 14.13 14.13
0 8 12.75 12.75
8 0 12.75 12.75
0 9 13.79 13.79
9 0 13.79 13.79
1 2 3.44 3.44
2 1 3.44 3.44
1 3 0.47 0.47
3 1 0.47 0.47
1 4 8.35 8.35
4 1 8.35 8.35
1 5 3.42 3.42
5 1 3.42 3.42
1 6 15.00 15.00
6 1 15.00 15.00
1 7 0.41 0.41
7 1 0.41 0.41
1 8 8.35 8.35
8 1 8.35 8.35
1 9 3.36 3.36
9 1 3.36 3.36
2 3 3.34 3.34
3 2 3.34 3.34
2 4 7.83 7.83
4 2 7.83 7.83
2 5 0.57 0.57
5 2 0.57 0.57
2 6 14.41 14.41
6 2 14.41 14.41
2 7 3.31 3.31
7 2 3.31 3.31
2 8 7.83 7.83
8 2 7.83 7.83
2 9 0.53 0.53
9 2 0.53 0.53
3 4 8.26 8.26
4 3 8.26 8.26
3 5 3.35 3.35
5 3 3.35 3.35
3 6 14.91 14.91
6 3 14.91 14.91
3 7 0.22 0.22
7 3 0.22 0.22
3 8 8.25 8.25
8 3 8.25 8.25
3 9 3.25 3.25
9 3 3.25 3.25
4 5 7.70 7.70
5 4 7.70 7.70
4 6 13.38 13.38
6 4 13.38 13.38
4 7 8.23 8.23
7 4 8.23 8.23
4 8 0.15 0.15
8 4 0.15 0.15
4 9 7.82 7.82
9 4 7.82 7.82
5 6 14.35 14.35
6 5 14.35 14.35
5 7 3.30 3.30
7 5 3.30 3.30
5 8 7.71 7.71
8 5 7.71 7.71
5 9 0.43 0.43
9 5 0.43 0.43
6 7 14.92 14.92
7 6 14.92 14.92
6 8 13.38 13.38
8 6 13.38 13.38
6 9 14.46 14.46
9 6 14.46 14.46
7 8 8.23 8.23
8 7 8.23 8.23
7 9 3.22 3.22
9 7 3.22 3.22
8 9 7.83 7.83
9 8 7.83 7.83
